       1      3.27682
       2      3.03318
       3      2.98455
       4      2.93955
       5      2.83045
       6      2.76955
       7      2.71045
       8      2.58091
       9      2.56545
      10      2.50318
      11      2.52000
      12      2.53409
      13      2.44591
      14      2.38818
      15      2.33773
      16      2.28818
      17      2.24591
      18      2.20500
      19      2.15864
      20      2.08364
      21      2.01682
      22      1.95591
      23      1.92955
      24      1.90773
      25      1.93455
      26      1.91773
      27      1.71500
      28      1.67864
      29      1.67091
      30      1.63591
      31      1.64364
      32      1.65773
      33      1.62273
      34      1.61591
      35      1.62636
      36      1.55318
      37      1.57864
      38      1.60000
      39      1.56727
      40      1.45043
      41      1.45826
      42      1.38826
      43      1.35304
      44      1.27652
      45      1.20609
      46      1.18348
      47      1.18870
      48      1.22609
      49      1.16391
      50      1.18913
      51      1.15043
      52      1.18000
      53      1.18273
      54      1.16182
      55      1.06636
      56      1.11455
      57      1.14818
      58      1.16818
      59      1.17636
      60      1.16818
      61      1.15500
      62      1.15955
      63      1.20273
      64      1.22364
      65      1.27227
      66      1.25364
      67      1.32727
      68      1.30773
      69      1.34455
      70      1.36000
      71      1.19783
      72      1.25609
      73      1.28391
      74      1.24783
      75      1.25000
      76      1.33304
      77      1.38348
      78      1.40087
      79      1.43043
      80      1.49130
      81      1.59261
      82      1.58652
      83      1.66913
      84      1.72739
      85      1.85000
      86      1.87000
      87      1.93130
      88      2.03000
      89      2.08130
      90      2.14087
      91      2.29261
      92      2.33217
      93      2.38870
      94      2.45174
      95      2.63478
      96      2.70522
      97      2.90609
      98      3.02174
      99      3.07261
     100      3.21217
     101      3.17391
     102      3.30375
     103      3.26875
     104      3.41375
     105      3.66708
     106      4.06042
     107      4.16125
     108      4.36333
     109      4.54875
     110      4.64417
     111      4.72542
     112      4.90625
     113      5.06500
     114      5.20708
     115      5.35625
     116      5.49375
     117      5.62917
     118      5.78417
     119      5.94542
     120      6.21625
     121      6.41958
     122      6.83208
     123      7.02333
     124      7.31583
     125      7.49792
     126      7.94792
     127      8.22583
     128      8.74083
     129      8.89417
     130      9.01500
     131      9.15417
     132      9.22542
     133      9.51500
     134      9.79875
     135      10.3258
     136      10.3400
     137      10.3488
     138      10.4854
     139      10.8417
     140      11.1067
     141      11.2758
     142      11.7596
     143      11.9437
     144      12.0387
     145      12.3508
     146      12.6600
     147      13.1475
     148      13.3292
     149      13.8479
     150      14.2233
     151      14.4346
     152      14.3158
     153      14.5083
     154      14.4783
     155      14.8563
     156      14.8712
     157      15.0725
     158      15.5229
     159      15.7413
     160      16.1292
     161      16.3225
     162      16.4754
     163      16.7158
     164      16.7671
     165      17.1154
     166      17.6162
     167      17.8838
     168      18.1179
     169      18.4496
     170      18.7075
     171      19.0979
     172      19.1029
     173      19.5192
     174      19.5908
     175      20.0317
     176      20.3129
     177      20.3108
     178      20.3871
     179      20.6583
     180      20.8546
     181      20.8425
     182      20.8621
     183      20.9567
     184      20.9717
     185      21.0942
     186      21.1529
     187      21.3571
     188      21.5533
     189      21.8279
     190      21.9592
     191      21.7967
     192      21.8950
     193      22.0996
     194      22.3283
     195      22.6975
     196      22.7812
     197      23.0450
     198      22.8192
     199      22.9300
     200      22.9013
     201      23.1208
     202      23.0567
     203      23.0258
     204      23.1396
     205      23.0825
     206      23.0417
     207      23.0483
     208      23.0750
     209      23.1458
     210      23.3858
     211      23.4713
     212      23.5925
     213      23.7367
     214      23.7158
     215      23.8592
     216      23.9083
     217      23.8833
     218      23.6421
     219      23.7188
     220      23.7171
     221      23.7042
     222      23.6575
     223      23.6921
     224      23.5471
     225      23.6362
     226      23.6717
     227      23.6704
     228      23.5442
     229      23.5362
     230      23.5038
     231      23.4879
     232      23.3017
     233      23.2667
     234      23.1754
     235      23.2117
     236      23.1054
     237      22.9833
     238      22.9196
     239      23.1667
     240      22.9563
     241      23.0858
     242      23.0092
     243      22.9075
     244      22.9075
     245      22.9137
     246      22.9817
     247      22.9121
     248      22.8596
     249      22.8254
     250      22.7050
     251      22.6550
     252      22.2904
     253      22.0392
     254      21.7300
     255      21.6233
     256      21.4108
     257      21.3404
     258      21.2392
     259      21.3492
     260      21.0904
     261      20.8521
     262      20.4913
     263      20.4804
     264      20.2846
     265      20.1258
     266      19.8538
     267      19.7558
     268      19.5354
     269      19.4671
     270      19.3837
     271      19.2546
     272      19.0792
     273      18.8821
     274      18.4650
     275      18.3517
     276      18.1958
     277      17.7987
     278      17.8688
     279      17.6258
     280      17.4942
     281      17.3212
     282      17.1921
     283      17.1629
     284      17.0192
     285      16.7046
     286      16.4554
     287      16.3446
     288      16.0346
     289      15.8033
     290      15.6571
     291      15.5658
     292      15.3479
     293      15.0679
     294      14.8846
     295      14.6487
     296      14.4062
     297      14.2900
     298      14.1252
     299      13.9308
     300      13.8224
     301      13.5364
     302      13.4040
     303      13.0720
     304      12.8964
     305      12.7072
     306      12.5292
     307      12.4876
     308      12.3368
     309      12.0716
     310      11.9940
     311      11.8656
     312      11.7632
     313      11.5408
     314      11.4252
     315      11.2880
     316      11.1540
     317      10.9500
     318      10.8164
     319      10.5816
     320      10.3464
     321      10.1224
     322      9.66600
     323      9.54720
     324      9.41280
     325      9.27200
     326      9.09080
     327      9.02040
     328      8.88080
     329      8.75440
     330      8.67960
     331      8.49040
     332      8.29560
     333      8.11160
     334      7.89440
     335      7.68000
     336      7.60240
     337      7.44200
     338      7.16240
     339      6.81560
     340      6.66000
     341      6.49680
     342      6.41520
     343      6.24800
     344      6.09720
     345      5.94840
     346      5.85160
     347      5.73080
     348      5.61880
     349      5.38480
     350      5.22800
     351      4.98320
     352      4.74240
     353      4.70480
     354      4.54360
     355      4.41160
     356      4.31400
     357      4.28200
     358      4.22680
     359      4.04880
     360      4.00840
     361      3.87480
     362      3.74760
     363      3.65480
     364      3.44160
     365      3.27308
     366      3.74833
