       1      4.10818
       2      3.99364
       3      3.96364
       4      3.91500
       5      3.80773
       6      3.76909
       7      3.69455
       8      3.36909
       9      3.30000
      10      3.07455
      11      3.03727
      12      2.97727
      13      2.95545
      14      2.91909
      15      2.88273
      16      2.82818
      17      2.66091
      18      2.62955
      19      2.57955
      20      2.54864
      21      2.43136
      22      2.31364
      23      2.26545
      24      2.24045
      25      2.25273
      26      2.23727
      27      2.20636
      28      2.13545
      29      2.05773
      30      1.85391
      31      1.80696
      32      1.80261
      33      1.74696
      34      1.70522
      35      1.63435
      36      1.56348
      37      1.54565
      38      1.53783
      39      1.46304
      40      1.41261
      41      1.39652
      42      1.33652
      43      1.31043
      44      1.24783
      45      1.19348
      46      1.17870
      47      1.15913
      48      1.15783
      49      1.08174
      50      1.08522
      51      1.06609
      52      1.07565
      53      1.01739
      54      1.02870
      55      1.01217
      56     0.998261
      57     0.989565
      58     0.940000
      59     0.930870
      60     0.899131
      61     0.912609
      62     0.899565
      63     0.911739
      64     0.912174
      65     0.950870
      66     0.962174
      67     0.956522
      68     0.980870
      69      1.02217
      70     0.977083
      71     0.997083
      72      1.05000
      73      1.04333
      74      1.05958
      75      1.05958
      76      1.08208
      77      1.10667
      78      1.15917
      79      1.18292
      80      1.22125
      81      1.25375
      82      1.21875
      83      1.25875
      84      1.22917
      85      1.26500
      86      1.21750
      87      1.26375
      88      1.33250
      89      1.34000
      90      1.35208
      91      1.28333
      92      1.30167
      93      1.39875
      94      1.48458
      95      1.49750
      96      1.48375
      97      1.52458
      98      1.57000
      99      1.57750
     100      1.67333
     101      1.69000
     102      1.72042
     103      1.81458
     104      1.83250
     105      1.92375
     106      2.02792
     107      2.04542
     108      2.12708
     109      2.18625
     110      2.25375
     111      2.27458
     112      2.39417
     113      2.46917
     114      2.46917
     115      2.54375
     116      2.60833
     117      2.70292
     118      2.78458
     119      2.91208
     120      2.99083
     121      3.09458
     122      3.21792
     123      3.38625
     124      3.53375
     125      3.67833
     126      3.83333
     127      3.80292
     128      3.96083
     129      3.98625
     130      4.15542
     131      4.14167
     132      4.34542
     133      4.45875
     134      4.55833
     135      5.03667
     136      5.05667
     137      4.90667
     138      5.11000
     139      5.50958
     140      5.65875
     141      5.78375
     142      5.93167
     143      6.02500
     144      6.15167
     145      6.47500
     146      6.74667
     147      6.96167
     148      7.12208
     149      7.40667
     150      7.69667
     151      7.82875
     152      7.84417
     153      8.04250
     154      7.93958
     155      8.22167
     156      8.42125
     157      9.11792
     158      9.18042
     159      9.19083
     160      9.48042
     161      9.65750
     162      10.0779
     163      10.3117
     164      10.6654
     165      11.1017
     166      11.3883
     167      11.5317
     168      11.9567
     169      12.2358
     170      12.3129
     171      12.6521
     172      12.7000
     173      13.2533
     174      13.5150
     175      13.7796
     176      14.2975
     177      14.2679
     178      14.4525
     179      14.8208
     180      14.9362
     181      14.9779
     182      15.1092
     183      14.9375
     184      15.1417
     185      15.3488
     186      15.6021
     187      15.8200
     188      16.0454
     189      16.2042
     190      16.3208
     191      16.3725
     192      16.6296
     193      16.9454
     194      17.2546
     195      17.6967
     196      17.7833
     197      17.8171
     198      18.0371
     199      18.2279
     200      18.2492
     201      18.3517
     202      18.3558
     203      18.7262
     204      18.7767
     205      18.8538
     206      18.7671
     207      18.8417
     208      18.9992
     209      19.1404
     210      19.2733
     211      19.5271
     212      19.6929
     213      19.7075
     214      19.7879
     215      19.8329
     216      19.8304
     217      19.6958
     218      19.6700
     219      19.6746
     220      19.8787
     221      19.8517
     222      19.8342
     223      19.8108
     224      19.8500
     225      19.8358
     226      19.8767
     227      19.8546
     228      19.8875
     229      19.7046
     230      19.9054
     231      19.8712
     232      19.7312
     233      19.6792
     234      19.5371
     235      19.3408
     236      19.4196
     237      19.3804
     238      19.5425
     239      19.5950
     240      19.4942
     241      19.5087
     242      19.4462
     243      19.3679
     244      19.4154
     245      19.4129
     246      19.4650
     247      19.4162
     248      19.3071
     249      19.2225
     250      19.0300
     251      19.0779
     252      18.9862
     253      18.8646
     254      18.4921
     255      18.3758
     256      18.1758
     257      18.0529
     258      17.8817
     259      17.7883
     260      17.3929
     261      17.3096
     262      17.2888
     263      17.1379
     264      17.0321
     265      16.8596
     266      16.6421
     267      16.5400
     268      16.4783
     269      16.4058
     270      16.2638
     271      16.0829
     272      15.8342
     273      15.6087
     274      15.3292
     275      15.1542
     276      15.0288
     277      14.7533
     278      14.4962
     279      14.4025
     280      14.1575
     281      14.0604
     282      13.9671
     283      13.8917
     284      13.7079
     285      13.5679
     286      13.3171
     287      13.1692
     288      12.8942
     289      12.7096
     290      12.4296
     291      12.3125
     292      12.1554
     293      11.9429
     294      11.8021
     295      11.6442
     296      11.5113
     297      11.2708
     298      11.1272
     299      10.8980
     300      10.7916
     301      10.5904
     302      10.4712
     303      10.2868
     304      10.2280
     305      10.1392
     306      10.0184
     307      9.95440
     308      9.86880
     309      9.70000
     310      9.56320
     311      9.38440
     312      9.26040
     313      9.18960
     314      9.04880
     315      8.89320
     316      8.65760
     317      8.59400
     318      8.51760
     319      8.38720
     320      8.28360
     321      7.99920
     322      7.89960
     323      7.84360
     324      7.75320
     325      7.64200
     326      7.49560
     327      7.38840
     328      7.31520
     329      7.24200
     330      7.16240
     331      7.08400
     332      6.98040
     333      6.82680
     334      6.71520
     335      6.65920
     336      6.62720
     337      6.53800
     338      6.35480
     339      6.09440
     340      6.00920
     341      5.87280
     342      5.74160
     343      5.65600
     344      5.55280
     345      5.45160
     346      5.39560
     347      5.30320
     348      5.25360
     349      5.11920
     350      4.98360
     351      4.92560
     352      4.88520
     353      4.83880
     354      4.79800
     355      4.73280
     356      4.70440
     357      4.64480
     358      4.56720
     359      4.53880
     360      4.46600
     361      4.37200
     362      4.27240
     363      4.17480
     364      4.14240
     365      3.89769
     366      4.44833
