       1      4.20909
       2      4.05045
       3      3.96045
       4      3.94318
       5      3.87500
       6      3.78136
       7      3.67136
       8      3.66818
       9      3.62045
      10      3.56227
      11      3.47727
      12      3.46864
      13      3.37091
      14      3.25364
      15      3.20455
      16      3.08000
      17      3.06727
      18      2.98864
      19      2.86000
      20      2.78773
      21      2.75864
      22      2.68091
      23      2.65773
      24      2.58409
      25      2.61545
      26      2.58455
      27      2.57591
      28      2.47545
      29      2.41227
      30      2.27174
      31      2.12304
      32      2.11304
      33      2.09130
      34      2.07609
      35      2.05522
      36      2.03130
      37      1.95652
      38      1.90043
      39      1.87391
      40      1.80478
      41      1.77826
      42      1.80087
      43      1.82261
      44      1.76783
      45      1.74348
      46      1.76739
      47      1.78261
      48      1.62000
      49      1.63348
      50      1.65957
      51      1.71739
      52      1.67783
      53      1.63609
      54      1.65043
      55      1.60826
      56      1.62783
      57      1.61522
      58      1.58435
      59      1.60261
      60      1.57304
      61      1.54870
      62      1.53652
      63      1.57043
      64      1.60174
      65      1.62565
      66      1.62913
      67      1.66913
      68      1.67304
      69      1.72565
      70      1.70875
      71      1.60833
      72      1.66000
      73      1.74167
      74      1.75292
      75      1.72417
      76      1.75708
      77      1.81208
      78      1.86250
      79      1.85667
      80      1.85875
      81      1.88542
      82      2.00250
      83      2.04458
      84      2.05875
      85      2.06000
      86      1.99083
      87      2.07583
      88      2.06375
      89      2.10333
      90      2.09750
      91      2.10583
      92      2.14667
      93      2.11250
      94      2.15125
      95      2.18417
      96      2.26333
      97      2.43083
      98      2.48792
      99      2.51458
     100      2.53500
     101      2.48333
     102      2.48958
     103      2.54542
     104      2.60042
     105      2.63125
     106      2.75542
     107      2.83917
     108      2.90292
     109      2.91292
     110      3.01292
     111      3.05833
     112      3.04833
     113      3.15250
     114      3.26833
     115      3.36292
     116      3.42167
     117      3.43875
     118      3.62167
     119      3.66625
     120      3.72792
     121      3.91417
     122      3.93750
     123      3.97042
     124      4.29417
     125      4.42208
     126      4.49375
     127      4.59542
     128      4.62958
     129      4.60875
     130      4.75792
     131      4.97792
     132      5.08167
     133      5.17000
     134      5.35583
     135      5.38917
     136      5.42792
     137      5.64417
     138      5.75625
     139      6.24375
     140      6.31708
     141      6.57667
     142      6.74958
     143      6.81750
     144      6.99708
     145      7.34375
     146      7.42500
     147      7.66875
     148      8.04292
     149      8.20417
     150      8.46625
     151      8.69083
     152      8.78792
     153      8.84500
     154      8.86917
     155      9.14667
     156      9.43208
     157      9.81083
     158      10.1296
     159      10.5775
     160      10.7475
     161      10.9275
     162      11.3646
     163      11.3783
     164      11.8458
     165      12.1946
     166      12.2792
     167      12.4196
     168      12.9404
     169      13.2942
     170      13.3846
     171      13.8762
     172      14.1763
     173      14.2700
     174      14.6771
     175      14.9817
     176      15.1629
     177      15.3812
     178      15.5313
     179      15.7792
     180      15.9450
     181      16.1963
     182      16.2533
     183      16.1546
     184      16.2587
     185      16.5633
     186      16.7092
     187      16.8871
     188      17.1296
     189      17.5112
     190      17.7558
     191      17.7967
     192      17.9633
     193      18.2392
     194      18.5350
     195      18.8858
     196      19.0675
     197      19.3279
     198      19.3604
     199      19.6317
     200      19.6275
     201      19.6358
     202      19.8263
     203      19.9658
     204      19.9929
     205      20.2483
     206      20.0908
     207      20.1717
     208      20.1146
     209      20.2392
     210      20.4025
     211      20.5221
     212      20.7317
     213      20.6421
     214      20.8529
     215      20.9596
     216      21.1317
     217      20.8800
     218      20.9900
     219      21.1563
     220      21.2979
     221      21.2975
     222      21.2358
     223      21.1388
     224      20.9938
     225      21.1471
     226      21.0917
     227      21.1358
     228      21.0692
     229      21.0817
     230      20.9029
     231      20.9438
     232      20.8808
     233      20.7658
     234      20.7629
     235      20.6683
     236      20.6517
     237      20.6092
     238      20.8946
     239      20.7612
     240      20.7162
     241      20.8446
     242      20.7879
     243      20.7562
     244      20.6679
     245      20.7125
     246      20.8183
     247      20.7925
     248      20.6300
     249      20.4675
     250      20.3104
     251      20.1458
     252      20.0554
     253      19.8687
     254      19.6529
     255      19.4508
     256      19.2338
     257      19.0742
     258      19.0233
     259      18.7513
     260      18.3754
     261      18.0413
     262      18.0138
     263      17.9233
     264      17.8125
     265      17.6033
     266      17.4071
     267      17.2738
     268      17.1175
     269      17.0033
     270      16.8763
     271      16.6079
     272      16.3592
     273      16.1613
     274      15.9563
     275      15.7425
     276      15.6250
     277      15.3338
     278      15.2133
     279      15.0879
     280      14.8787
     281      14.7417
     282      14.5175
     283      14.5304
     284      14.2779
     285      14.0542
     286      13.8200
     287      13.5763
     288      13.3367
     289      13.1729
     290      13.0833
     291      12.9317
     292      12.8346
     293      12.6304
     294      12.4817
     295      12.2992
     296      12.1442
     297      12.0296
     298      11.9136
     299      11.8504
     300      11.7356
     301      11.4228
     302      11.1648
     303      10.8840
     304      10.8368
     305      10.6188
     306      10.5144
     307      10.4244
     308      10.2576
     309      10.1824
     310      10.0132
     311      9.89280
     312      9.79480
     313      9.58760
     314      9.50720
     315      9.44360
     316      9.17280
     317      8.97320
     318      8.83280
     319      8.74120
     320      8.64480
     321      8.53480
     322      8.36680
     323      8.27280
     324      8.10240
     325      8.01040
     326      7.84800
     327      7.74160
     328      7.63840
     329      7.55040
     330      7.40920
     331      7.31360
     332      7.20480
     333      7.02360
     334      6.84840
     335      6.79120
     336      6.80960
     337      6.71720
     338      6.32240
     339      6.22280
     340      6.12800
     341      6.05840
     342      5.96360
     343      5.84080
     344      5.73680
     345      5.63360
     346      5.57360
     347      5.44200
     348      5.37560
     349      5.22360
     350      5.10160
     351      5.02560
     352      5.03560
     353      5.01160
     354      4.89200
     355      4.90640
     356      4.83680
     357      4.75600
     358      4.66880
     359      4.65440
     360      4.53760
     361      4.55200
     362      4.51000
     363      4.40480
     364      4.37000
     365      4.11923
     366      4.64500
