       1      4.45636
       2      4.41318
       3      4.38409
       4      4.34818
       5      4.23591
       6      4.21682
       7      4.02682
       8      3.87818
       9      3.85818
      10      3.74364
      11      3.66591
      12      3.62727
      13      3.58636
      14      3.48591
      15      3.39000
      16      3.32136
      17      3.25682
      18      3.23273
      19      3.17955
      20      3.04727
      21      2.95545
      22      2.94682
      23      2.90227
      24      2.83591
      25      2.81409
      26      2.78364
      27      2.65545
      28      2.65773
      29      2.65500
      30      2.52783
      31      2.47783
      32      2.51783
      33      2.46565
      34      2.41652
      35      2.43478
      36      2.39087
      37      2.38391
      38      2.33174
      39      2.26565
      40      2.28130
      41      2.21957
      42      2.20304
      43      2.13696
      44      2.07565
      45      1.98826
      46      1.95913
      47      1.91261
      48      1.93609
      49      1.90435
      50      1.88652
      51      1.91435
      52      1.89391
      53      1.90913
      54      1.83087
      55      1.80565
      56      1.85652
      57      1.85609
      58      1.83043
      59      1.83174
      60      1.76739
      61      1.79957
      62      1.82609
      63      1.80826
      64      1.75870
      65      1.75261
      66      1.78435
      67      1.78043
      68      1.78478
      69      1.82957
      70      1.79125
      71      1.85458
      72      1.87417
      73      1.88625
      74      1.90167
      75      1.90000
      76      1.90125
      77      1.87875
      78      1.95958
      79      1.99750
      80      1.99875
      81      1.97375
      82      2.00875
      83      2.08458
      84      2.11708
      85      2.14083
      86      2.08125
      87      2.10500
      88      2.19667
      89      2.26250
      90      2.29625
      91      2.27583
      92      2.28375
      93      2.36333
      94      2.42708
      95      2.42583
      96      2.34042
      97      2.43958
      98      2.46333
      99      2.55042
     100      2.61333
     101      2.59417
     102      2.72125
     103      2.74833
     104      2.79875
     105      2.84167
     106      3.09083
     107      3.08583
     108      3.06250
     109      3.09958
     110      3.23792
     111      3.33625
     112      3.39125
     113      3.52917
     114      3.65542
     115      3.47708
     116      3.57208
     117      3.62792
     118      3.75458
     119      3.92083
     120      3.94958
     121      4.36875
     122      4.52292
     123      4.66333
     124      4.70750
     125      4.87583
     126      5.00375
     127      5.31042
     128      5.47667
     129      5.75167
     130      5.62500
     131      5.74833
     132      5.73458
     133      5.82500
     134      5.92125
     135      6.31375
     136      6.40250
     137      6.38167
     138      6.53875
     139      6.79167
     140      7.07083
     141      7.32792
     142      7.45000
     143      7.77875
     144      7.97125
     145      8.29125
     146      8.59750
     147      9.03875
     148      9.45500
     149      9.76292
     150      10.3071
     151      10.4317
     152      10.2254
     153      10.2263
     154      10.2892
     155      10.4946
     156      10.6017
     157      10.8892
     158      11.6213
     159      11.9804
     160      11.9954
     161      12.1917
     162      12.6750
     163      13.0512
     164      13.3925
     165      13.6917
     166      14.1742
     167      14.4567
     168      14.4925
     169      14.7271
     170      15.2413
     171      15.5221
     172      15.7067
     173      15.8896
     174      16.1487
     175      16.3967
     176      16.8804
     177      17.2812
     178      17.1500
     179      17.7179
     180      17.6533
     181      17.6646
     182      17.8025
     183      17.7000
     184      17.7996
     185      18.2583
     186      18.2421
     187      18.4121
     188      18.5333
     189      18.7246
     190      18.9592
     191      19.0083
     192      18.9842
     193      19.1175
     194      19.6237
     195      19.8608
     196      19.9671
     197      20.1796
     198      20.3704
     199      20.5333
     200      20.5358
     201      20.6150
     202      20.4304
     203      20.9004
     204      21.0983
     205      21.0225
     206      20.9900
     207      21.2646
     208      21.3150
     209      21.0267
     210      21.2325
     211      21.4058
     212      21.5329
     213      21.8625
     214      21.5171
     215      21.8283
     216      22.2321
     217      22.2171
     218      21.9567
     219      21.7708
     220      21.8479
     221      21.9929
     222      22.0321
     223      22.0467
     224      21.9554
     225      21.9646
     226      21.9271
     227      22.0075
     228      21.9575
     229      21.9979
     230      21.8942
     231      21.7246
     232      21.6600
     233      21.6421
     234      21.5971
     235      21.4350
     236      21.3446
     237      21.3038
     238      21.2050
     239      21.4383
     240      21.3096
     241      21.3050
     242      21.2396
     243      21.3392
     244      21.2817
     245      21.3004
     246      21.1875
     247      21.2925
     248      21.2142
     249      21.1546
     250      21.0929
     251      20.9033
     252      20.8296
     253      20.5750
     254      20.1862
     255      19.9279
     256      19.7096
     257      19.5175
     258      19.4725
     259      19.3967
     260      19.1808
     261      18.9654
     262      18.7275
     263      18.6929
     264      18.6367
     265      18.5204
     266      18.1500
     267      17.9788
     268      17.9133
     269      17.8083
     270      17.6600
     271      17.5142
     272      17.2879
     273      17.2367
     274      16.8475
     275      16.7254
     276      16.3129
     277      15.9238
     278      15.8038
     279      15.6063
     280      15.3617
     281      15.0842
     282      14.8954
     283      14.7400
     284      14.7004
     285      14.4575
     286      14.4129
     287      14.2154
     288      14.0367
     289      13.8254
     290      13.5013
     291      13.2421
     292      13.0404
     293      12.8012
     294      12.6700
     295      12.3367
     296      12.2321
     297      12.1033
     298      11.9644
     299      11.7276
     300      11.6312
     301      11.4208
     302      11.2140
     303      10.9928
     304      10.8272
     305      10.7184
     306      10.5460
     307      10.4128
     308      10.2852
     309      10.0372
     310      9.90120
     311      9.61640
     312      9.58920
     313      9.54640
     314      9.41960
     315      9.36600
     316      9.22040
     317      9.06280
     318      8.94040
     319      8.79240
     320      8.65400
     321      8.60760
     322      8.46440
     323      8.39760
     324      8.31440
     325      8.23840
     326      8.09880
     327      7.93160
     328      7.69720
     329      7.61080
     330      7.56840
     331      7.46920
     332      7.34200
     333      7.26040
     334      7.14440
     335      7.06640
     336      6.98200
     337      6.82320
     338      6.35760
     339      6.22600
     340      6.20120
     341      6.12160
     342      6.17640
     343      6.11320
     344      6.01800
     345      5.83920
     346      5.82680
     347      5.69240
     348      5.62440
     349      5.57440
     350      5.36200
     351      5.32360
     352      5.19280
     353      5.14120
     354      5.08520
     355      4.98120
     356      4.92520
     357      4.89000
     358      4.80760
     359      4.76760
     360      4.67560
     361      4.56840
     362      4.57800
     363      4.54560
     364      4.48760
     365      4.24077
     366      4.68333
