       1      3.31273
       2      3.23500
       3      3.21227
       4      3.20955
       5      3.19318
       6      3.16500
       7      3.10682
       8      3.09136
       9      3.07818
      10      3.05773
      11      3.03591
      12      3.01273
      13      2.97864
      14      2.83273
      15      2.79364
      16      2.69591
      17      2.52045
      18      2.48545
      19      2.41591
      20      2.29727
      21      2.24591
      22      2.15136
      23      2.11455
      24      2.07409
      25      2.04364
      26      2.01000
      27      1.95864
      28      1.91455
      29      1.85773
      30      1.81773
      31      1.78318
      32      1.74045
      33      1.70273
      34      1.70182
      35      1.72636
      36      1.69455
      37      1.61227
      38      1.62000
      39      1.49727
      40      1.49273
      41      1.46636
      42      1.44955
      43      1.43545
      44      1.40364
      45      1.36818
      46      1.34818
      47      1.32682
      48      1.29091
      49      1.25409
      50      1.24273
      51      1.20364
      52      1.22136
      53      1.20636
      54      1.21591
      55      1.20773
      56      1.18864
      57      1.18500
      58      1.14364
      59      1.15591
      60      1.14591
      61      1.08826
      62      1.08739
      63      1.10348
      64      1.13478
      65      1.05261
      66      1.05043
      67      1.04217
      68      1.06783
      69      1.13261
      70      1.10917
      71      1.14333
      72      1.18792
      73      1.19125
      74      1.06792
      75      1.05250
      76      1.13174
      77      1.16478
      78      1.12875
      79      1.12500
      80      1.09875
      81      1.12208
      82      1.14833
      83      1.19250
      84      1.21792
      85      1.15417
      86      1.13042
      87      1.19208
      88      1.17625
      89      1.19391
      90      1.16826
      91      1.14522
      92      1.16348
      93      1.17783
      94      1.21957
      95      1.24000
      96      1.30348
      97      1.33739
      98      1.32261
      99      1.27217
     100      1.29042
     101      1.36087
     102      1.39391
     103      1.43682
     104      1.45273
     105      1.44000
     106      1.55826
     107      1.58565
     108      1.67130
     109      1.63174
     110      1.68696
     111      1.61583
     112      1.69696
     113      1.57375
     114      1.71667
     115      1.70458
     116      1.76208
     117      1.79542
     118      1.85208
     119      1.84833
     120      1.92458
     121      1.90625
     122      2.00292
     123      2.04708
     124      2.07917
     125      2.17667
     126      2.25042
     127      2.26375
     128      2.27667
     129      2.34167
     130      2.41208
     131      2.46333
     132      2.48667
     133      2.52500
     134      2.63292
     135      2.66875
     136      2.72750
     137      2.78958
     138      2.89167
     139      2.90292
     140      2.97458
     141      3.03458
     142      3.10875
     143      3.26792
     144      3.37750
     145      3.46292
     146      3.48333
     147      3.63917
     148      3.63792
     149      3.84208
     150      3.95000
     151      3.97167
     152      3.97375
     153      4.13542
     154      4.18875
     155      4.24958
     156      4.33125
     157      4.38833
     158      4.46875
     159      4.65708
     160      4.73750
     161      4.84458
     162      4.95042
     163      5.13792
     164      5.14458
     165      5.41125
     166      5.46250
     167      5.63792
     168      5.90000
     169      5.97583
     170      6.06667
     171      6.22833
     172      6.25292
     173      6.52125
     174      6.88875
     175      7.15292
     176      7.29500
     177      7.50750
     178      7.46167
     179      7.70000
     180      8.00375
     181      8.03042
     182      7.85458
     183      7.83708
     184      8.21833
     185      8.25208
     186      8.36500
     187      8.71125
     188      9.06500
     189      9.34417
     190      9.59208
     191      9.77417
     192      10.0692
     193      10.3708
     194      10.7479
     195      10.9800
     196      11.0979
     197      11.2971
     198      11.5533
     199      11.8342
     200      12.0033
     201      12.1921
     202      12.4525
     203      12.6417
     204      12.8262
     205      13.1246
     206      13.1854
     207      13.5804
     208      13.4433
     209      13.5508
     210      13.7429
     211      13.9137
     212      13.9675
     213      14.2121
     214      14.3496
     215      14.7217
     216      15.0025
     217      14.8975
     218      15.0337
     219      15.3683
     220      15.4612
     221      15.4879
     222      15.4242
     223      15.6217
     224      15.6621
     225      15.9087
     226      15.8683
     227      15.9058
     228      15.7583
     229      15.5846
     230      15.5404
     231      15.6788
     232      15.7367
     233      15.5138
     234      15.5654
     235      15.5850
     236      15.5712
     237      15.7513
     238      15.8612
     239      15.7954
     240      15.7633
     241      15.7771
     242      15.8246
     243      15.8792
     244      15.9650
     245      15.9408
     246      15.9079
     247      15.9525
     248      15.7421
     249      15.6679
     250      15.5788
     251      15.4854
     252      15.4454
     253      15.1937
     254      14.9779
     255      14.7592
     256      14.5612
     257      14.3617
     258      14.1808
     259      14.0758
     260      13.9883
     261      13.8154
     262      13.7475
     263      13.5792
     264      13.4871
     265      13.3675
     266      13.2237
     267      13.0475
     268      12.9921
     269      12.8433
     270      12.8079
     271      12.6767
     272      12.3912
     273      12.2592
     274      12.1058
     275      11.8529
     276      11.7421
     277      11.5492
     278      11.3887
     279      11.2688
     280      11.1433
     281      10.9612
     282      10.7496
     283      10.6017
     284      10.4979
     285      10.3237
     286      10.1833
     287      10.0175
     288      9.77167
     289      9.62375
     290      9.48667
     291      9.36042
     292      9.23250
     293      9.11417
     294      8.99792
     295      8.80083
     296      8.75375
     297      8.68000
     298      8.51360
     299      8.43000
     300      8.40320
     301      8.25560
     302      8.01560
     303      7.88840
     304      7.92480
     305      7.82080
     306      7.80080
     307      7.75800
     308      7.66480
     309      7.47120
     310      7.45320
     311      7.36560
     312      7.26200
     313      7.07880
     314      7.00360
     315      6.84560
     316      6.76000
     317      6.73520
     318      6.64960
     319      6.54720
     320      6.56960
     321      6.55000
     322      6.51160
     323      6.45320
     324      6.19000
     325      6.04280
     326      5.96960
     327      5.90440
     328      5.89000
     329      5.69800
     330      5.60800
     331      5.54440
     332      5.47240
     333      5.41680
     334      5.36160
     335      5.21680
     336      5.18720
     337      5.13120
     338      4.82880
     339      4.76720
     340      4.71680
     341      4.64320
     342      4.57320
     343      4.50320
     344      4.43080
     345      4.41600
     346      4.38000
     347      4.34960
     348      4.19880
     349      4.18040
     350      4.11040
     351      4.06480
     352      4.05000
     353      4.02000
     354      3.93120
     355      3.89640
     356      3.89080
     357      3.75240
     358      3.72440
     359      3.71280
     360      3.64800
     361      3.59680
     362      3.51840
     363      3.45960
     364      3.35520
     365      3.18962
     366      3.57167
